1 10 5
140 479 546 634 736 390 420 550 610 665 177 420 484 613 733 5 457 512 630 747 196 420 483 623 692 321 479 484 610 746 393 430 555 589 665 15 479 557 656 747 198 479 559 610 733 56 458 502 656 747
140 479 557 656 733 334 415 557 589 733 235 469 557 589 733 345 455 557 656 733 219 479 485 589 746 198 428 543 589 733 5 455 557 639 733 130 479 543 589 733 403 424 500 589 746 184 428 491 656 733
140 469 557 640 747 337 455 557 640 747 322 470 557 640 747 196 455 557 640 747 5 479 557 640 747 328 470 557 640 747 177 455 550 589 733 345 462 550 589 733 160 424 541 614 733 56 479 541 657 733
140 469 557 589 747 322 455 557 589 747 160 470 557 589 747 219 455 557 589 733 237 455 557 589 733 198 470 550 589 685 337 462 557 597 685 328 424 557 597 733 5 455 557 589 733 324 470 557 597 733
140 479 550 628 747 200 479 537 656 747 67 457 558 631 733 337 428 558 656 747 131 420 557 610 733 184 428 546 604 733 198 479 501 656 722 390 420 557 610 685 328 473 564 589 665 5 469 557 589 706
140 479 557 640 747 56 456 557 640 747 345 438 557 640 747 201 469 543 589 747 196 428 550 589 747 198 479 550 640 747 403 455 501 640 747 184 424 557 640 746 337 424 557 640 747 255 470 557 640 747
140 479 498 656 658 345 424 485 656 658 184 424 498 656 658 198 424 498 656 658 5 479 498 656 747 334 479 512 656 658 177 479 550 613 747 103 424 485 656 658 79 479 485 656 658 118 469 485 631 658
140 456 557 656 665 177 479 557 613 733 46 479 543 656 665 56 473 491 640 733 89 479 557 656 733 198 479 491 656 733 345 479 491 656 733 405 473 485 656 733 184 428 485 613 733 79 473 557 614 685
140 420 557 589 746 131 479 557 589 746 328 420 557 589 746 15 455 557 631 706 177 420 557 631 746 196 428 543 631 706 104 420 557 589 706 5 479 485 631 706 390 455 553 589 706 337 479 557 656 733
140 420 557 610 746 131 420 557 610 746 328 420 557 610 746 15 479 557 610 746 177 479 557 610 746 155 455 557 610 746 196 420 498 656 733 5 455 498 589 685 202 479 550 589 733 321 479 485 589 685
140 479 527 589 733 196 455 527 640 733 322 455 543 656 733 198 479 527 656 733 345 455 557 640 733 337 470 557 656 733 177 469 557 656 706 3 455 527 656 733 237 455 527 640 706 160 428 557 656 706
140 479 485 656 685 177 479 485 610 747 196 430 557 640 733 5 470 557 631 658 337 469 557 640 685 322 424 557 610 746 345 455 568 656 665 390 458 527 640 733 184 479 545 589 733 198 420 486 631 733
140 479 557 589 733 15 469 557 589 733 255 420 557 589 733 345 469 557 656 733 334 479 496 589 733 56 420 485 656 733 243 479 561 634 733 26 446 577 610 706 104 479 550 604 706 211 479 550 634 733
140 479 557 640 733 56 479 550 640 733 405 456 550 589 733 46 469 557 589 733 5 470 557 589 733 198 479 557 640 733 328 479 586 610 733 345 479 550 640 733 141 455 550 640 733 337 469 528 614 733
140 420 557 640 685 15 479 557 634 733 217 456 557 640 685 56 420 557 634 685 46 455 557 640 658 322 455 557 634 685 328 455 485 640 685 355 479 550 634 733 177 479 501 656 658 198 479 543 640 747
140 479 539 656 747 405 456 557 656 747 5 415 485 614 747 46 455 571 604 733 89 479 486 640 747 273 470 557 589 685 198 479 487 610 733 141 479 557 589 706 214 470 557 613 685 12 469 527 589 658
140 469 557 589 733 270 469 557 589 733 160 455 557 610 658 322 455 557 589 733 237 470 557 589 733 177 455 557 589 733 102 455 557 610 658 219 455 557 589 733 337 420 557 589 733 217 455 557 589 733
140 479 550 628 747 390 479 557 613 733 177 479 557 610 733 337 420 546 656 747 328 420 557 589 746 196 479 498 628 733 131 479 567 604 747 200 479 505 614 669 141 428 489 631 712 5 455 555 610 692
140 455 557 589 733 322 455 557 589 665 102 455 557 589 733 337 469 557 614 733 237 418 557 640 706 5 455 557 614 665 328 470 557 640 733 219 470 557 589 665 196 424 557 589 706 270 455 498 614 733
140 473 557 640 733 345 428 557 640 733 243 479 557 589 733 56 473 586 640 695 184 479 557 640 695 235 428 586 589 695 79 473 557 640 695 219 457 586 589 695 377 469 557 640 695 322 469 543 640 665
